Solid Composition:
index Pressure Temperature mass SiO2 TiO2 Al2O3 Fe2O3 Cr2O3 FeO MnO MgO NiO CoO CaO Na2O K2O P2O5 H2O CO2 
1 100.00 1650.00 0.000000 ---
2 100.00 1625.00 0.000000 ---
3 100.00 1600.00 0.000000 ---
4 100.00 1575.00 0.000000 ---
5 100.00 1550.00 0.000000 ---
6 100.00 1525.00 0.000000 ---
7 100.00 1500.00 0.000000 ---
8 100.00 1475.00 0.000000 ---
9 100.00 1450.00 0.000000 ---
10 100.00 1425.00 0.000000 ---
11 100.00 1400.00 0.000000 ---
12 100.00 1375.00 0.000000 ---
13 100.00 1350.00 0.000000 ---
14 100.00 1325.00 0.000000 ---
15 100.00 1300.00 0.000000 ---
16 100.00 1275.00 0.000000 ---
17 100.00 1250.00 0.000000 ---
18 100.00 1225.00 0.000000 ---
19 100.00 1200.00 0.410300 39.5785 0 0 0 0 16.1135 0.323361 43.5954 0 0 0.38921 0 0 0 0 0
20 100.00 1225.00 0.000000 ---
21 100.00 1223.00 0.000000 ---
22 100.00 1221.00 0.000000 ---
23 100.00 1219.00 0.000000 ---
24 100.00 1217.00 0.000000 ---
25 100.00 1215.00 0.000000 ---
26 100.00 1213.00 0.000000 ---
27 100.00 1211.00 0.000000 ---
28 100.00 1209.00 0.000000 ---
29 100.00 1207.00 0.000000 ---
30 100.00 1205.00 0.000000 ---
31 100.00 1203.00 0.144310 39.6055 0 0 0 0 15.973 0.321002 43.7136 0 0 0.38688 0 0 0 0 0
32 100.00 1650.00 0.000000 ---
33 100.00 1625.00 0.000000 ---
34 100.00 1600.00 0.000000 ---
35 100.00 1575.00 0.000000 ---
36 100.00 1550.00 0.000000 ---
37 100.00 1525.00 0.000000 ---
38 100.00 1500.00 0.000000 ---
39 100.00 1475.00 0.000000 ---
40 100.00 1450.00 0.000000 ---
41 100.00 1425.00 0.000000 ---
42 100.00 1400.00 0.000000 ---
43 100.00 1375.00 0.000000 ---
44 100.00 1350.00 0.000000 ---
45 100.00 1325.00 0.000000 ---
46 100.00 1300.00 0.000000 ---
47 100.00 1275.00 0.000000 ---
48 100.00 1250.00 0.000000 ---
49 100.00 1225.00 0.000000 ---
50 100.00 1200.00 0.410300 39.5785 0 0 0 0 16.1135 0.323361 43.5954 0 0 0.38921 0 0 0 0 0
51 100.00 1225.00 0.000000 ---
52 100.00 1223.00 0.000000 ---
53 100.00 1221.00 0.000000 ---
54 100.00 1219.00 0.000000 ---
55 100.00 1217.00 0.000000 ---
56 100.00 1215.00 0.000000 ---
57 100.00 1213.00 0.000000 ---
58 100.00 1211.00 0.000000 ---
59 100.00 1209.00 0.000000 ---
60 100.00 1207.00 0.000000 ---
61 100.00 1205.00 0.000000 ---
62 100.00 1203.00 0.144310 39.6055 0 0 0 0 15.973 0.321002 43.7136 0 0 0.38688 0 0 0 0 0
63 100.00 1170.00 6.385764 44.257 0 13.9204 0 0 9.96582 0.200136 23.6072 0 0 6.51457 1.4802 0.0546503 0 0 0
64 100.00 1650.00 0.000000 ---
65 100.00 1625.00 0.000000 ---
66 100.00 1600.00 0.000000 ---
67 100.00 1575.00 0.000000 ---
68 100.00 1550.00 0.000000 ---
69 100.00 1525.00 0.000000 ---
70 100.00 1500.00 0.000000 ---
71 100.00 1475.00 0.000000 ---
72 100.00 1450.00 0.000000 ---
73 100.00 1425.00 0.000000 ---
74 100.00 1400.00 0.000000 ---
75 100.00 1375.00 0.000000 ---
76 100.00 1350.00 0.000000 ---
77 100.00 1325.00 0.000000 ---
78 100.00 1300.00 0.000000 ---
79 100.00 1275.00 0.000000 ---
80 100.00 1250.00 0.000000 ---
81 100.00 1225.00 0.000000 ---
82 100.00 1200.00 0.410300 39.5785 0 0 0 0 16.1135 0.323361 43.5954 0 0 0.38921 0 0 0 0 0
83 100.00 1225.00 0.000000 ---
84 100.00 1223.00 0.000000 ---
85 100.00 1221.00 0.000000 ---
86 100.00 1219.00 0.000000 ---
87 100.00 1217.00 0.000000 ---
88 100.00 1215.00 0.000000 ---
89 100.00 1213.00 0.000000 ---
90 100.00 1211.00 0.000000 ---
91 100.00 1209.00 0.000000 ---
92 100.00 1207.00 0.000000 ---
93 100.00 1205.00 0.000000 ---
94 100.00 1203.00 0.144310 39.6055 0 0 0 0 15.973 0.321002 43.7136 0 0 0.38688 0 0 0 0 0
95 100.00 1170.00 6.385764 44.257 0 13.9204 0 0 9.96582 0.200136 23.6072 0 0 6.51457 1.4802 0.0546503 0 0 0